306
745
998
167
347
687
725
851
604
371
56
773
99
306
933
568
300
612
147
193
5
71
0
998
342
508
752
911
34
311
507
416
151
413
225
984
462
358
716
844
367
881
274
733
453
775
246
520
305
791
730
604
502
225
251
678
904
182
625
688
457
116
770
232
130
912
186
92
506
948
696
996
182
688
272
256
773
540
296
776
63
140
202
234
842
140
877
398
968
43
680
286
744
28
908
545
487
86
621
839
123
534
37
166
52
99
13
34
599
599
305
68
664
989
254
369
36
861
650
107
729
341
104
798
226
410
543
248
50
428
679
819
332
567
975
807
733
589
365
536
175
577
691
191
34
935
18
76
265
816
294
745
223
481
910
498
188
650
334
809
551
164
875
150
898
44
154
59
733
820
565
829
776
265
507
478
248
559
51
496
37
600
237
308
326
403
229
177
209
969
724
440
59
731
917
171
560
768
625
830
648
83
992
221
830
280
941
5
414
31
92
584
251
9
418
400
874
536
793
724
694
355
727
728
345
902
146
686
323
256
226
795
770
862
27
909
487
309
957
936
49
293
890
728
864
848
811
488
631
306
95
705
167
251
49
982
253
295
725
412
551
199
447
199
32
105
457
680
325
122
599
659
235
931
911
468
991
929
514
649
842
574
26
299
455
190
672
726
411
900
43
832
695
866
758
54
516
975
910
978
405
683
6
113
2
279
362
905
430
959
341
903
982
921
735
406
107
895
526
148
943
327
735
150
905
765
473
68
604
374
895
487
458
525
96
95
56
747
493
393
559
807
846
150
335
501
593
887
343
315
992
883
469
966
509
299
726
243
133
749
147
401
31
612
289
316
320
401
795
845
108
987
550
412
794
993
585
872
692
664
366
253
74
977
922
740
74
858
749
240
670
644
461
884
259
716
742
995
961
523
982
135
475
808
184
779
901
166
8
324
325
152
677
690
96
304
72
836
146
807
816
441
897
222
111
683
54
539
636
342
977
16
334
7
488
878
97
447
995
783
256
79
751
408
616
349
150
693
101
268
151
62
995
930
263
551
859
578
676
502
328
338
794
957
421
608
948
224
749
325
824
16
278
859
23
398
218
195
47
747
116
399
792
324
124
726
407
11
543
581
962
184
774
83
769
998
424
125
389
274
823
16
744
135
477
158
856
853
472
991
801
608
657
376
574
580
45
49
612
581
798
425
963
453
33
564
898
399
740
996
606
817
884
733
110
310
712
290
78
417
998
734
903
582
968
109
151
810
75
353
298
163
780
472
964
65
222
746
593
252
660
992
316
663
39
648
440
442
245
437
902
806
199
147
468
658
734
497
814
938
217
671
652
935
685
215
456
857
441
688
954
496
148
293
994
291
638
68
273
511
168
882
828
953
360
939
141
831
453
336
256
745
604
617
304
525
597
786
196
520
725
43
105
608
336
254
668
294
674
869
972
297
667
180
778
997
213
642
271
75
467
701
544
82
984
819
360
499
744
109
50
506
455
342
545
304
468
233
359
302
402
344
6
348
299
121
758
431
393
99
772
304
267
838
435
641
80
816
193
835
659
420
449
924
139
254
640
396
805
977
766
462
72
601
276
651
277
780
148
89
721
946
633
859
921
230
532
619
465
645
15
267
97
964
506
320
116
870
881
423
902
610
958
90
401
83
976
499
524
905
223
185
961
628
162
168
673
345
23
747
135
174
127
885
229
519
404
588
527
427
399
735
218
296
898
190
464
50
343
128
748
451
499
242
516
757
987
571
471
931
801
109
301
350
787
85
45
754
960
164
143
408
791
990
271
439
383
431
850
12
509
829
113
800
173
73
607
232
448
199
96
560
621
85
56
569
111
137
685
2
180
810
930
266
190
873
56
451
167
48
411
634
957
488
503
11
512
361
270
666
980
34
31
964
648
24
619
828
113
491
39
617
163
884
817
692
462
819
370
336
393
502
215
738
613
67
275
520
456
878
300
494
245
942
696
267
333
281
92
938
132
664
104
765
690
590
691
395
788
306
751
914
366
59
41
992
528
931
543
283
578
660
558
97
653
839
254
65
976
564
324
472
580
156
781
912
60
602
402
483
476
40
565
621
125
893
485
927
89
636
369
896
26
984
679
326
938
723
136
50
438
126
778
586
780
347
425
88
14
206
291
591
858
994
926
949
463
287
257
140
294
329
124
459
346
261
388
618
470
284
183
427
250
554
240
643
66
80
960
679
203
37
794
788
609
707
432
167
394
62
727
147
721
328
516
584
945
423
217
512
510
991
280
278
217
228
603
704
264
872
